x <- pi
r <- 123 

2*pi*r
